Feed	futuros	após	queda	mil	governo	nesta	altas	é	vale	mundo	mês	us	abril	venda	sobe	empresa	bolsa	r	confiança	contra	março	ser	paulo	trimestre	ainda	cai	ações	durante	presidente	cautela	sp	vai	eua	desta	juros	amazon	completo	mede	geral	petrobras	novo	pessoas	ibovespa	alta	pode	post	sexta-feira	1º	leia	commodities	anos	estados	país	reformas	público	bilhões	veja	ano	dia	vez	dólar	principais	lucro	desde	aumento	rio	diz	milhões	trump	vendas	greve	volta	sobre	setor	taxa	brasil
Valor Econômico - Internacional	2	1	3	0	1	1	2	2	2	0	2	4	2	2	3	2	2	0	2	1	2	0	0	5	0	2	2	2	1	5	0	1	1	2	2	2	0	2	2	2	1	0	4	5	0	0	3	4	1	2	0	0	1	5	1	2	0	1	0	1	3	2	3	1	2	0	0	1	0	2	4	2	4	2	2	1
G1 > Tecnologia e Games	0	4	0	4	0	0	0	5	0	1	0	6	0	1	0	2	0	1	0	1	2	0	1	4	0	0	0	1	0	0	0	1	2	0	0	2	0	0	0	0	1	0	0	1	1	0	0	4	0	0	0	0	0	0	0	5	1	0	0	0	0	0	3	2	0	0	4	5	0	1	0	0	1	0	0	2
Valor Econômico - Cultura & Estilo	2	1	3	0	1	1	2	2	2	0	2	4	2	2	3	2	2	0	2	1	2	0	0	5	0	2	2	2	1	5	0	1	1	2	2	2	0	2	2	2	1	0	4	5	0	0	3	4	1	2	0	0	1	5	1	2	0	1	0	1	3	2	3	1	2	0	0	1	0	2	4	2	4	2	2	1
Folha de S.Paulo - Educação - Principal	0	2	0	0	0	2	0	4	0	2	0	0	0	0	0	1	0	0	0	3	0	3	2	0	1	0	0	0	0	0	0	0	0	1	0	0	1	0	1	0	0	0	0	1	2	1	2	0	1	0	3	0	0	1	0	0	0	2	6	0	0	0	0	1	0	1	0	0	0	0	3	0	3	0	2	2
Band Entretenimento	0	5	0	2	0	0	0	7	0	1	0	0	0	0	0	0	0	2	1	1	0	0	6	0	1	0	0	0	0	0	0	2	0	0	0	0	0	0	0	0	0	0	0	0	0	0	0	0	0	0	4	0	0	0	0	0	0	0	1	1	0	0	0	0	0	1	9	1	0	0	0	2	11	0	0	3
Globo.com	0	0	0	9	2	0	0	2	0	0	0	0	3	0	0	1	0	12	0	1	2	2	1	0	0	0	0	0	2	0	2	0	1	0	0	0	0	0	0	0	0	0	0	0	0	0	0	1	0	0	0	0	0	0	3	0	2	2	1	0	0	0	0	0	0	0	0	0	0	0	0	1	0	0	0	1
Folha de S.Paulo - Opinião - Principal	0	0	0	0	2	4	0	5	0	0	0	0	0	0	0	0	0	0	0	1	0	3	1	0	1	0	0	1	1	0	0	3	0	0	0	0	0	0	2	0	0	1	0	1	0	0	2	0	0	0	1	0	5	4	0	0	0	0	1	0	0	0	0	0	0	1	1	1	1	0	9	0	0	0	1	4
Folha de S.Paulo - Esporte - Principal	0	4	0	1	0	5	0	6	0	2	0	0	0	0	0	1	0	0	0	2	0	1	2	0	0	0	0	0	0	0	0	0	0	0	0	0	1	0	0	0	0	0	0	0	0	1	0	1	1	0	1	0	0	0	0	0	0	1	1	2	0	0	1	0	0	0	2	0	0	0	0	2	2	0	0	0
G1 > Educação	0	0	0	1	2	1	0	8	0	0	1	0	0	0	0	0	0	1	0	1	0	1	0	0	0	1	0	0	0	0	0	0	1	1	0	0	0	0	1	0	0	2	0	0	2	0	0	0	0	0	3	0	0	0	2	0	1	1	1	1	0	0	0	3	0	0	4	0	0	0	0	1	6	0	1	2
G1 > Economia	0	1	3	4	3	2	0	2	0	0	2	3	4	0	2	1	1	8	2	0	5	0	0	7	2	1	0	0	0	0	0	0	1	2	0	1	0	0	0	0	0	0	3	5	2	0	4	7	0	0	3	2	0	0	2	5	1	7	3	0	1	0	4	0	2	2	3	9	0	0	2	2	3	3	0	4
Valor Econômico - Carreira	2	1	3	0	1	1	2	2	2	0	2	4	2	2	3	2	2	0	2	1	2	0	0	5	0	2	2	2	1	5	0	1	1	2	2	2	0	2	2	2	1	0	4	5	0	0	3	4	1	2	0	0	1	5	1	2	0	1	0	1	3	2	3	1	2	0	0	1	0	2	4	2	4	2	2	1
G1 > Música	0	2	0	0	0	1	0	6	0	0	0	1	0	2	0	0	0	2	0	0	0	2	7	0	0	0	0	0	0	0	2	3	1	0	0	0	0	0	1	0	1	1	0	0	0	0	0	1	0	0	3	1	0	0	2	1	1	0	0	0	0	0	0	1	0	3	4	0	0	0	0	2	1	0	0	1
Folha de S.Paulo - Folhinha - Principal	0	1	0	0	0	3	0	9	0	4	1	0	2	0	0	0	0	1	0	0	0	1	2	0	2	0	0	0	0	0	1	1	0	0	0	0	13	0	0	0	2	1	0	0	3	13	0	0	14	0	5	0	0	0	2	0	2	1	3	14	0	0	0	0	0	0	1	1	0	0	0	0	3	0	0	0
Valor Econômico - Opinião	2	1	3	0	1	1	2	2	2	0	2	4	2	2	3	2	2	0	2	1	2	0	0	5	0	2	2	2	1	5	0	1	1	2	2	2	0	2	2	2	1	0	4	5	0	0	3	4	1	2	0	0	1	5	1	2	0	1	0	1	3	2	3	1	2	0	0	1	0	2	4	2	4	2	2	1
Band Notícias	0	1	0	1	2	0	0	11	0	0	0	0	0	1	1	0	0	6	0	3	0	2	0	0	1	1	0	1	3	0	5	3	2	0	1	0	0	0	0	0	1	4	0	0	1	0	0	0	0	0	2	2	0	0	0	0	0	1	1	0	1	0	0	2	0	2	3	2	2	0	0	1	3	0	0	0
G1 > Ciência e Saúde	0	1	0	0	0	0	0	0	0	0	0	0	0	0	0	0	0	0	0	3	0	1	0	0	0	1	0	0	0	0	1	0	1	0	0	0	0	0	0	0	0	2	0	0	9	0	0	0	0	0	2	0	0	0	0	0	1	1	0	1	0	0	0	0	0	0	1	2	1	0	0	0	1	0	0	0
Folha de S.Paulo - Tec - Principal	0	1	0	0	0	1	0	4	0	1	1	0	0	1	0	0	0	0	0	5	0	2	1	0	2	0	1	0	0	0	0	0	0	2	0	1	4	0	2	0	0	1	0	0	1	4	1	0	5	0	2	0	0	0	1	0	0	0	2	1	0	1	0	0	0	0	3	0	0	0	2	0	0	0	0	4
Valor Econômico - Agronegócios	2	1	3	0	1	1	2	2	2	0	2	4	2	2	3	2	2	0	2	1	2	0	0	5	0	2	2	2	1	5	0	1	1	2	2	2	0	2	2	2	1	0	4	5	0	0	3	4	1	2	0	0	1	5	1	2	0	1	0	1	3	2	3	1	2	0	0	1	0	2	4	2	4	2	2	1
Band Colunista -  Tecnologia	0	0	0	0	1	2	0	3	0	3	1	0	0	3	0	2	0	1	0	4	1	1	2	0	1	0	0	0	2	0	0	0	0	0	0	0	0	0	1	0	4	1	0	0	0	0	1	0	0	0	3	0	3	0	0	0	0	5	1	1	0	0	0	3	0	0	0	2	0	1	0	0	1	4	0	3
Folha de S.Paulo - Poder - Principal	0	0	0	0	2	1	0	2	0	0	0	0	0	0	0	0	0	2	0	1	0	2	3	0	1	0	0	1	2	0	2	2	0	3	0	0	3	0	3	0	1	2	0	0	0	3	1	0	4	0	0	0	1	1	2	0	0	2	0	0	0	0	0	0	0	1	2	1	0	0	5	0	3	0	0	4
G1 > Brasil	0	4	0	0	0	7	0	7	0	0	0	0	0	0	0	1	0	1	0	7	0	0	1	0	1	0	0	0	0	0	0	1	0	1	0	0	0	0	1	0	0	1	0	0	0	0	6	0	0	0	0	0	0	5	0	0	3	0	5	0	0	0	0	0	1	0	1	1	0	0	2	1	0	1	0	0
Valor Econômico - Últimas notícias	2	1	3	0	1	1	2	2	2	0	2	4	2	2	3	2	2	0	2	1	2	0	0	5	0	2	2	2	1	5	0	1	1	2	2	2	0	2	2	2	1	0	4	5	0	0	3	4	1	2	0	0	1	5	1	2	0	1	0	1	3	2	3	1	2	0	0	1	0	2	4	2	4	2	2	1
Folha de S.Paulo - Mercado - Principal	0	3	2	0	4	3	0	2	0	1	1	2	0	0	0	1	0	5	0	2	3	0	2	2	1	0	0	0	1	0	0	0	1	1	1	0	0	0	4	0	1	1	0	2	0	0	4	1	0	0	4	2	4	3	2	5	0	0	0	0	0	0	0	2	0	1	2	3	1	1	6	1	0	2	1	5
G1 > Loterias	0	0	0	5	0	6	0	1	0	0	0	0	0	0	0	0	0	45	0	0	0	0	0	0	0	0	0	0	0	0	0	21	0	0	0	0	0	0	0	0	0	0	0	0	13	0	0	0	0	0	0	0	0	0	0	0	7	0	0	0	0	0	0	0	0	0	0	34	0	0	0	0	0	0	0	0
Folha de S.Paulo - Ilustrada - Principal	0	1	0	0	1	1	0	4	0	1	0	0	1	0	0	1	0	0	0	0	0	2	4	0	1	1	0	1	0	0	3	2	0	1	0	0	2	0	0	0	0	2	0	1	2	2	0	0	2	0	1	0	2	1	0	0	0	0	3	2	0	0	0	0	0	0	0	0	0	0	0	0	1	0	1	1
Folha de S.Paulo - Em cima da hora - Principal	0	0	0	0	2	2	0	2	0	0	1	3	0	0	0	0	0	5	0	1	2	0	4	1	0	0	0	0	2	0	1	0	3	0	1	0	3	0	3	0	1	0	0	1	0	3	3	2	4	0	3	3	1	2	2	1	0	0	0	0	0	1	0	5	0	0	4	5	6	0	8	0	2	2	0	2
Rádio Bandeirantes Notícias - Esporte	0	0	0	0	0	0	0	0	0	0	0	0	0	0	0	0	0	0	0	0	0	0	0	0	0	0	0	0	0	0	0	0	0	0	0	0	0	0	0	0	0	0	0	0	0	0	0	0	0	0	0	0	0	0	0	0	0	0	0	0	0	0	0	0	0	0	0	0	0	0	0	0	0	0	0	0
Rádio Bandeirantes Notícias - Economia	0	0	0	0	1	1	0	7	0	0	0	0	0	1	0	0	0	0	0	1	0	0	6	0	2	0	0	1	6	0	0	1	0	1	0	0	0	0	0	0	2	1	0	0	2	0	0	0	0	0	1	0	1	0	1	0	0	0	4	0	0	0	0	0	0	3	1	1	0	0	0	0	0	3	0	5
Folha de S.Paulo - Turismo - Principal	0	0	0	4	0	0	0	7	0	2	0	1	0	0	0	0	0	1	0	0	0	1	2	0	4	0	0	0	0	0	0	1	0	0	0	0	0	0	0	0	0	0	0	0	2	0	0	1	0	0	3	0	4	0	1	0	2	0	3	0	0	1	0	0	0	0	1	0	0	0	2	0	2	1	0	1
Folha de S.Paulo - Ciência - Principal	0	0	0	3	0	3	0	4	0	1	0	0	0	0	0	0	1	0	0	0	0	0	0	0	0	0	0	0	0	0	0	1	0	0	0	0	2	0	0	0	2	0	0	0	4	2	0	0	2	0	5	1	0	0	0	0	1	0	3	2	0	0	0	0	0	1	0	1	0	0	0	0	1	0	0	1
Folha de S.Paulo - Ambiente - Principal	0	1	0	0	0	4	0	3	1	4	0	0	0	0	0	0	0	0	0	0	1	1	0	0	0	0	0	0	2	0	0	0	1	0	0	0	0	0	0	0	1	0	0	0	4	0	0	0	0	0	0	2	0	0	0	0	0	2	2	1	0	1	0	0	0	2	1	2	1	0	0	0	2	0	0	0
Folha de S.Paulo - Cotidiano - Principal	0	1	0	0	0	3	0	7	0	3	0	0	0	0	0	0	0	0	0	3	0	1	5	0	0	0	0	1	2	0	2	0	0	1	0	0	2	0	3	0	0	0	0	0	0	2	4	0	2	0	2	0	2	3	0	0	1	1	5	2	0	0	0	1	0	2	1	2	0	0	6	0	0	0	0	1
Valor Econômico - Política	2	1	3	0	1	1	2	2	2	0	2	4	2	2	3	2	2	0	2	1	2	0	0	5	0	2	2	2	1	5	0	1	1	2	2	2	0	2	2	2	1	0	4	5	0	0	3	4	1	2	0	0	1	5	1	2	0	1	0	1	3	2	3	1	2	0	0	1	0	2	4	2	4	2	2	1
Folha de S.Paulo - Equilíbrio e Saúde - Principal	0	0	0	0	1	3	0	7	0	1	0	0	0	2	0	0	0	0	0	4	0	2	3	0	1	0	0	0	0	0	2	0	0	0	0	0	0	0	0	0	1	0	0	0	3	0	0	0	0	0	2	0	0	0	0	0	0	2	0	1	0	0	0	0	0	0	2	0	0	0	0	0	2	1	0	0
Folha de S.Paulo - Ilustríssima - Principal	0	1	0	0	0	0	0	2	0	0	0	0	0	0	0	0	0	0	0	0	0	0	1	0	0	0	0	0	0	0	0	0	0	0	0	0	0	0	0	0	1	1	0	0	0	0	0	0	1	0	1	1	0	0	0	0	1	1	0	0	0	0	0	0	0	0	1	0	0	0	0	0	3	0	0	0
Valor Econômico - Legislação e Tributos	2	1	3	0	1	1	2	2	2	0	2	4	2	2	3	2	2	0	2	1	2	0	0	5	0	2	2	2	1	5	0	1	1	2	2	2	0	2	2	2	1	0	4	5	0	0	3	4	1	2	0	0	1	5	1	2	0	1	0	1	3	2	3	1	2	0	0	1	0	2	4	2	4	2	2	1
G1 > Pop & Arte	0	1	0	0	0	1	0	3	0	0	0	0	0	1	0	0	0	1	0	1	0	2	4	0	0	0	0	0	0	0	2	2	1	0	0	0	0	0	0	0	2	1	0	0	0	0	0	1	0	0	4	0	0	0	1	0	1	0	0	0	0	0	0	0	0	2	5	1	1	0	0	1	0	0	0	3
Folha de S.Paulo - Mundo - Principal	0	1	0	0	2	4	0	7	0	1	0	3	0	0	0	0	0	3	0	0	0	0	2	0	1	0	0	1	7	0	0	0	3	1	0	0	0	0	1	0	1	0	0	0	0	0	0	0	0	0	0	5	4	1	0	0	0	0	1	1	0	0	0	1	0	0	3	5	12	0	3	0	2	0	0	1
Valor Econômico - Finanças	2	1	3	0	1	1	2	2	2	0	2	4	2	2	3	2	2	0	2	1	2	0	0	5	0	2	2	2	1	5	0	1	1	2	2	2	0	2	2	2	1	0	4	5	0	0	3	4	1	2	0	0	1	5	1	2	0	1	0	1	3	2	3	1	2	0	0	1	0	2	4	2	4	2	2	1
> Julgamento do mensalão	0	1	0	0	0	0	0	2	0	0	0	0	0	0	0	0	0	0	0	0	0	1	1	0	0	0	0	0	0	0	0	0	0	0	0	0	0	0	0	0	0	0	0	0	1	0	0	0	0	0	4	0	0	0	0	0	0	0	0	0	0	0	0	0	0	0	1	0	0	0	0	0	0	0	0	0
G1 > Natureza	0	1	0	0	1	0	0	6	0	2	0	0	0	1	0	0	0	0	0	1	0	0	1	0	0	0	0	1	0	0	0	0	4	0	0	0	0	0	0	0	0	0	0	0	2	0	0	0	0	0	2	0	0	0	0	0	0	0	0	2	0	0	0	0	0	2	3	3	2	0	0	0	1	0	0	1
Valor Econômico - Brasil	2	1	3	0	1	1	2	2	2	0	2	4	2	2	3	2	2	0	2	1	2	0	0	5	0	2	2	2	1	5	0	1	1	2	2	2	0	2	2	2	1	0	4	5	0	0	3	4	1	2	0	0	1	5	1	2	0	1	0	1	3	2	3	1	2	0	0	1	0	2	4	2	4	2	2	1
G1 > Mundo	0	5	0	0	0	1	0	5	0	0	0	0	0	0	0	0	0	0	0	2	0	2	0	0	0	0	0	1	3	0	0	1	2	0	0	0	0	0	0	0	0	2	0	0	3	0	0	0	0	0	3	1	2	0	0	0	0	0	0	0	0	0	0	0	0	0	10	1	5	0	0	0	2	0	0	1
Folha de S.Paulo - Comida - Principal	0	0	0	0	0	0	0	11	0	0	0	0	0	0	0	0	0	0	0	0	0	1	1	0	2	0	0	0	0	0	1	0	0	0	0	0	2	0	0	0	4	0	0	0	0	2	0	0	2	0	1	0	1	0	0	0	2	0	1	0	0	2	0	0	0	0	0	0	0	0	0	0	0	0	0	1
Valor Econômico - Empresas	2	1	3	0	1	1	2	2	2	0	2	4	2	2	3	2	2	0	2	1	2	0	0	5	0	2	2	2	1	5	0	1	1	2	2	2	0	2	2	2	1	0	4	5	0	0	3	4	1	2	0	0	1	5	1	2	0	1	0	1	3	2	3	1	2	0	0	1	0	2	4	2	4	2	2	1
G1 > Turismo e Viagem	0	1	0	3	0	0	0	5	0	4	0	0	0	0	0	0	0	0	0	1	0	1	0	0	0	1	0	0	0	0	0	1	5	0	0	0	0	0	0	0	0	0	0	1	1	0	0	0	0	0	1	0	2	0	0	0	2	1	0	0	0	0	0	1	0	0	2	0	2	0	0	2	1	0	0	6
